  70  52  35  82  83  47  82  61  85  68
  43  40  61   3  30  89  30  40  73  79
  12   3  68  62  23  30  91  94  13  25
  14  95  78  90  66  72  29  75  11  71
  30  71  81  49  84  49  77   9  22  70
  54  75  40  75   5  31  94  44  29  60
  94  22  37   9  86  21  27  32  46  24
  33  67  34   1  32  28  51   9  32  40
  40  77  75  87  37  10  91  85  73  41
  77  27  93  68  90  29  73  90  51  21
Sorting Array
   1   3   3   5   9   9   9  10  11  12
  13  14  21  21  22  22  23  24  25  27
  27  28  29  29  29  30  30  30  30  31
  32  32  32  33  34  35  37  37  40  40
  40  40  40  41  43  44  46  47  49  49
  51  51  52  54  60  61  61  62  66  67
  68  68  68  70  70  71  71  72  73  73
  73  75  75  75  75  77  77  77  78  79
  81  82  82  83  84  85  85  86  87  89
  90  90  90  91  91  93  94  94  94  95

SEQUENTIAL EXECUTION TIME: 16952
PARALLEL EXECUTION TIME: 15415
SPEEDUP:    1.10
NUMBER OF PROCESSORS USED: 11
