  82   25   33   63   50   11   53   61   81   31 
  63   94   37   49   19   58   75   33   63   51 
  41   11   29   26   12   69   28   94   27   55 
  54   37   62   65   81   62   97   98    6    9 
  65   18   85   42   20   53   74   44   75   12 
  67   70   97    7   53   56   98   70   86   17 
  68    5   68   45   46   95   25   30   15   20 
  37    4   55   84   14   63   22   74   40   43 
  79   87   19   66   58   53   73   76   47    0 
  74    0   93   35   24   96   35   16   17   50 

   0    0    4    5    6    7    9   11   11   12 
  12   14   15   16   17   17   18   19   19   20 
  20   22   24   25   25   26   27   28   29   30 
  31   33   33   35   35   37   37   37   40   41 
  42   43   44   45   46   47   49   50   50   51 
  53   53   53   53   54   55   55   56   58   58 
  61   62   62   63   63   63   63   65   65   66 
  67   68   68   69   70   70   73   74   74   74 
  75   75   76   79   81   81   82   84   85   86 
  87   93   94   94   95   96   97   97   98   98 


SEQUENTIAL EXECUTION TIME: 456059
PARALLEL EXECUTION TIME: 13764
SPEEDUP:   33.13
NUMBER OF PROCESSORS USED: 101
