arr[   0,    0]
  722.4,   800.8,   625.9,   969.7,   788.2, 
  827.7,   882.9,   723.1,    1106,   863.1, 
  781.7,   870.5,   691.9,    1005,   832.2, 
  660.6,   815.2,   667.8,   945.4,   683.1, 
  662.4,   807.0,   625.3,   870.6,   646.9, 
arr[   0,    1]
  854.9,   728.4,   760.5,   702.6,   755.2, 
   1001,   870.6,   769.8,   787.3,   750.9, 
  875.2,   761.0,   780.4,   775.5,   776.8, 
  873.4,   681.0,   677.0,   679.5,   665.7, 
  817.2,   722.5,   753.7,   739.5,   777.9, 
arr[   0,    2]
  724.4,   775.6,   747.2,   780.2,   981.1, 
  814.5,   734.1,   800.1,   908.2,   943.1, 
  710.5,   788.5,   809.2,   794.2,   835.7, 
  712.3,   659.9,   620.5,   771.1,   755.6, 
  612.6,   619.7,   643.9,   753.8,   781.6, 
arr[   0,    3]
  739.0,   780.5,   673.5,   792.9,   821.0, 
  821.1,   915.7,   721.7,   796.8,   777.9, 
  896.6,   838.4,   691.9,   788.8,   787.0, 
  739.8,   799.1,   696.8,   681.4,   665.5, 
  748.1,   785.4,   606.6,   679.1,   678.5, 
arr[   0,    4]
  638.5,   660.6,   826.4,   788.2,   729.2, 
  696.8,   775.6,   859.1,   765.1,   904.0, 
  619.1,   628.4,   946.6,   766.5,   832.3, 
  586.2,   589.3,   792.5,   684.1,   718.8, 
  500.3,   562.7,   815.4,   771.9,   772.5, 
arr[   0,    5]
  688.7,   882.1,   727.0,   732.5,   729.4, 
  632.1,   887.7,   897.0,   798.7,   794.7, 
  713.5,   884.1,   804.2,   834.2,   755.3, 
  664.4,   858.7,   738.3,   696.2,   712.3, 
  604.5,   851.8,   709.2,   677.1,   780.0, 
arr[   0,    6]
  738.7,   691.4,   706.9,   681.4,   655.7, 
  746.3,   857.8,   766.8,   921.3,   581.6, 
  653.8,   740.8,   852.9,   910.7,   754.3, 
  605.5,   737.1,   762.5,   852.5,   592.6, 
  576.3,   669.5,   748.7,   738.7,   591.4, 
arr[   1,    0]
  869.3,    1015,   833.8,    1170,   826.6, 
  629.3,   906.3,   665.0,   936.8,   783.0, 
  869.0,    1026,   724.8,    1203,   866.1, 
  820.8,    1094,   705.7,    1085,   946.5, 
  677.7,   789.7,   653.4,   903.2,   843.1, 
arr[   1,    1]
   1090,   935.7,   893.1,   955.0,   907.9, 
  818.5,   814.5,   718.3,   710.7,   668.1, 
  963.1,   800.3,   800.0,   848.4,   881.7, 
  895.9,   869.4,   819.8,   835.5,   845.2, 
  783.0,   712.0,   860.4,   734.5,   655.4, 
arr[   1,    2]
  793.9,   789.0,   880.1,   895.2,   943.1, 
  740.6,   629.2,   680.1,   769.2,   737.8, 
  821.9,   896.4,   851.9,   820.5,   995.4, 
  847.7,   774.2,   777.3,   947.7,   898.4, 
  675.2,   701.5,   769.1,   764.7,   766.0, 
arr[   1,    3]
  845.4,   874.1,   859.1,   938.4,   853.3, 
  634.6,   759.7,   824.3,   765.0,   735.7, 
  835.8,   844.8,   809.9,   908.7,   834.2, 
  811.8,   858.8,   873.9,   871.9,   806.3, 
  731.0,   829.2,   642.2,   713.1,   660.7, 
arr[   1,    4]
  606.5,   838.0,   924.6,   903.4,    1006, 
  617.9,   624.6,   877.3,   707.9,   737.2, 
  651.6,   824.6,   962.3,   831.4,   818.9, 
  622.6,   719.7,   975.8,   839.7,   857.4, 
  568.4,   658.9,   780.5,   715.7,   773.6, 
arr[   1,    5]
  718.5,   993.1,   899.5,   832.4,   968.1, 
  646.9,   786.7,   676.6,   687.1,   789.4, 
  808.4,   941.0,   802.4,   757.8,   905.6, 
  724.3,   866.5,   753.1,   761.2,   913.3, 
  574.1,   737.4,   688.0,   710.4,   649.8, 
arr[   1,    6]
  673.2,   888.9,   966.6,    1007,   671.6, 
  659.5,   801.3,   768.1,   822.3,   595.0, 
  781.3,   805.8,   923.9,   931.2,   665.6, 
  814.5,   798.8,   925.3,   872.7,   693.0, 
  635.3,   700.5,   798.4,   710.5,   651.0, 
arr[   2,    0]
  965.8,   944.1,   775.6,    1247,    1004, 
  866.3,   962.9,   818.1,    1161,    1013, 
  738.4,   873.2,   747.6,    1086,   779.9, 
  761.4,   834.5,   593.4,   969.7,   765.4, 
  712.1,   979.1,   741.2,    1061,   840.5, 
arr[   2,    1]
  891.9,    1002,   900.6,   925.3,   919.5, 
  922.3,   958.5,   811.6,   827.2,   858.7, 
  998.1,   740.6,   744.1,   707.9,   830.7, 
  847.1,   693.2,   590.0,   741.6,   705.6, 
  979.5,   837.5,   811.5,   689.2,   848.1, 
arr[   2,    2]
  806.7,   812.9,   838.0,    1010,    1046, 
  851.1,   816.9,   869.1,   976.5,    1029, 
  806.9,   834.8,   788.7,   845.9,   937.1, 
  729.9,   673.7,   644.6,   716.4,   883.0, 
  828.1,   751.5,   765.4,   859.0,   908.8, 
arr[   2,    3]
  871.5,    1012,   856.6,    1040,   809.6, 
  827.6,   959.7,   818.7,   949.9,   837.1, 
  826.9,   761.3,   775.7,   803.5,   814.0, 
  733.8,   780.8,   654.1,   730.8,   698.2, 
  819.1,   826.2,   834.5,   833.1,   840.6, 
arr[   2,    4]
  844.4,   821.1,    1096,   823.6,   876.2, 
  671.1,   771.5,    1038,   907.9,   873.5, 
  517.6,   661.9,   789.2,   805.5,   831.8, 
  563.1,   678.2,   850.3,   616.7,   690.6, 
  560.1,   665.2,   926.1,   750.9,   800.6, 
arr[   2,    5]
  769.9,   971.9,   844.4,   834.9,   976.4, 
  835.3,    1031,   868.7,   859.2,   917.1, 
  675.2,   930.6,   802.5,   747.9,   828.3, 
  690.0,   826.2,   725.6,   665.8,   777.4, 
  756.0,   884.8,   757.4,   674.0,   812.5, 
arr[   2,    6]
  724.0,   827.4,   850.2,    1012,   729.7, 
  707.8,   860.6,   947.7,   949.8,   800.8, 
  753.2,   684.0,   833.7,   911.2,   675.2, 
  584.7,   708.2,   724.6,   810.6,   554.2, 
  762.6,   706.8,   870.5,   887.2,   692.3, 
arr[   3,    0]
  766.9,   894.8,   623.9,   948.1,   820.5, 
  757.6,   924.2,   708.1,    1138,   844.6, 
  793.4,   741.6,   688.1,   984.6,   758.5, 
  933.5,   980.9,   736.9,    1075,   994.1, 
  883.2,   899.5,   685.4,    1290,    1007, 
arr[   3,    1]
  880.3,   813.6,   741.2,   772.5,   750.6, 
  946.4,   827.0,   860.7,   686.4,   773.9, 
  740.6,   717.9,   712.8,   676.1,   709.2, 
  926.8,   932.1,   876.9,   908.8,   829.5, 
   1020,   825.1,   894.1,   834.4,   735.3, 
arr[   3,    2]
  689.9,   739.4,   756.9,   850.7,   804.6, 
  844.2,   775.9,   720.9,   863.4,   910.8, 
  663.0,   712.2,   731.7,   737.7,   794.9, 
  825.9,   802.0,   831.7,   969.8,   968.5, 
  926.6,   829.8,   898.0,   865.2,    1068, 
arr[   3,    3]
  702.2,   706.1,   701.6,   814.6,   652.5, 
  764.2,   856.4,   716.4,   828.2,   657.0, 
  752.0,   824.8,   642.0,   758.1,   679.7, 
  903.6,   969.5,   786.9,   972.3,   794.4, 
  884.3,   956.4,   808.6,   903.6,   796.1, 
arr[   3,    4]
  531.2,   576.2,   897.6,   822.7,   876.9, 
  601.6,   655.9,   894.7,   792.7,   828.6, 
  626.9,   634.6,   816.5,   731.0,   756.2, 
  718.8,   808.1,   969.5,   812.1,   897.7, 
  668.2,   865.7,   969.8,   830.3,   836.5, 
arr[   3,    5]
  613.7,   725.1,   740.7,   740.7,   863.8, 
  727.2,   812.1,   827.1,   748.6,   802.4, 
  684.5,   859.2,   757.5,   807.1,   677.3, 
  715.6,   936.7,   848.5,   866.0,   863.2, 
  868.9,   863.3,   867.4,   862.9,   890.7, 
arr[   3,    6]
  635.2,   679.0,   815.4,   819.1,   631.3, 
  721.7,   728.5,   852.8,   873.3,   669.4, 
  605.1,   716.6,   830.7,   766.7,   659.9, 
  722.0,   834.1,   848.0,   956.9,   746.0, 
  771.1,   946.5,   897.1,   963.4,   780.6, 
arr[   4,    0]
  584.4,   883.7,   669.4,   872.5,   746.1, 
  651.9,   776.9,   502.2,   915.2,   772.7, 
  899.1,    1010,   763.3,    1141,   949.6, 
  934.9,    1058,   908.8,    1375,    1119, 
  891.9,    1117,   778.9,    1232,    1017, 
arr[   4,    1]
  736.2,   672.9,   715.5,   692.9,   649.5, 
  802.6,   726.9,   750.6,   776.9,   680.8, 
  968.4,   967.6,   853.1,   891.7,   888.4, 
   1054,   972.4,   934.4,   945.6,   925.9, 
   1039,   814.7,   861.1,   927.2,   850.4, 
arr[   4,    2]
  634.5,   616.4,   645.2,   700.8,   703.9, 
  567.9,   628.8,   692.3,   719.8,   712.8, 
  850.2,   859.1,   851.3,   986.2,    1027, 
  911.4,   925.4,   957.3,    1083,    1103, 
  958.2,   895.3,   864.2,   893.9,    1101, 
arr[   4,    3]
  666.0,   718.0,   711.6,   685.4,   706.3, 
  694.3,   661.1,   625.7,   768.6,   649.5, 
  863.4,   981.7,   838.1,   910.1,   868.1, 
  970.7,    1071,   941.9,    1016,   940.1, 
  994.2,   975.8,   871.1,   971.2,   956.1, 
arr[   4,    4]
  529.3,   670.1,   785.5,   684.9,   630.1, 
  541.6,   720.6,   828.8,   707.6,   741.5, 
  745.3,   708.7,    1020,   852.4,   951.6, 
  771.4,   815.4,    1128,   962.0,   955.8, 
  674.0,   769.6,   970.6,   885.0,   897.0, 
arr[   4,    5]
  626.9,   705.4,   588.3,   644.8,   709.4, 
  531.0,   602.4,   656.0,   665.9,   741.7, 
  787.6,   980.2,   933.8,   887.9,   968.2, 
  906.8,    1101,   947.1,   899.1,   989.4, 
  838.9,   959.6,   820.4,   866.6,   957.8, 
arr[   4,    6]
  598.7,   741.1,   763.0,   696.2,   623.8, 
  577.8,   684.2,   728.6,   733.0,   613.8, 
  764.1,   829.5,   870.6,   916.5,   775.6, 
  857.5,   909.8,    1021,    1106,   883.6, 
  797.4,   911.7,   981.8,    1080,   796.7, 
arr[   5,    0]
  847.5,   940.8,   697.0,    1119,   859.8, 
  907.8,   919.6,   787.5,    1269,   915.8, 
  870.6,   909.4,   848.2,    1088,   884.7, 
  781.5,   844.5,   703.0,    1135,   889.3, 
  932.3,    1040,   785.4,    1335,   936.1, 
arr[   5,    1]
   1137,   892.7,   792.9,   808.1,   760.9, 
  991.5,   903.6,   868.5,   868.3,   912.1, 
  925.9,   874.0,   736.8,   798.2,   803.8, 
   1063,   831.3,   900.9,   810.9,   813.8, 
   1082,   934.4,   857.9,   976.5,   971.7, 
arr[   5,    2]
  848.0,   776.2,   745.8,   957.1,   959.5, 
  816.3,   845.5,   791.6,   976.0,    1060, 
  792.2,   776.6,   835.9,   896.7,   923.2, 
  875.0,   743.9,   761.9,   889.8,   955.9, 
  918.5,   865.3,   899.1,   967.7,    1103, 
arr[   5,    3]
  860.3,   909.3,   816.2,   796.4,   792.4, 
  794.6,   910.6,   847.1,    1068,   778.4, 
  733.6,   869.8,   852.3,   819.0,   833.5, 
  869.1,   905.2,   815.2,   859.9,   707.4, 
  924.7,   935.7,   907.7,   981.3,   951.7, 
arr[   5,    4]
  672.5,   772.3,    1008,   860.8,   810.6, 
  715.0,   808.0,   929.4,   929.1,   917.4, 
  729.0,   726.7,   915.7,   684.5,   831.7, 
  591.6,   768.1,   887.0,   847.0,   858.0, 
  749.7,   868.3,    1060,   760.2,   864.3, 
arr[   5,    5]
  696.3,   911.3,   858.4,   857.6,   834.8, 
  840.0,   993.9,   895.4,   896.7,   927.2, 
  708.4,   897.4,   794.7,   752.4,   859.3, 
  711.8,   925.6,   883.8,   826.3,   800.3, 
  872.3,    1047,   927.9,   886.1,   967.5, 
arr[   5,    6]
  825.4,   842.7,   815.7,   952.1,   709.9, 
  759.0,   812.6,   910.1,   993.2,   720.9, 
  752.3,   816.9,   745.5,   860.5,   607.2, 
  722.4,   808.5,   832.6,   986.7,   735.9, 
  788.0,   923.2,   845.1,    1102,   708.8, 
arr[   6,    0]
  758.4,   964.8,   628.3,    1134,   909.6, 
  882.5,   998.6,   729.6,    1074,   877.1, 
  632.3,   662.9,   597.5,   921.7,   684.2, 
  942.8,    1031,   654.9,    1227,   921.1, 
  810.5,    1014,   723.2,    1138,   901.4, 
arr[   6,    1]
  925.8,   882.0,   869.8,   744.6,   801.8, 
  928.6,   839.1,   823.0,   913.0,   868.3, 
  754.7,   637.3,   782.1,   677.7,   679.6, 
   1060,   919.2,   862.0,   867.4,   854.2, 
   1022,   865.5,   839.0,   914.0,   832.4, 
arr[   6,    2]
  917.0,   743.8,   789.9,   867.4,   909.5, 
  763.3,   839.2,   886.9,   819.8,   921.6, 
  604.2,   608.2,   662.6,   770.3,   709.1, 
  911.0,   850.4,   897.6,   933.2,    1053, 
  837.3,   894.9,   871.2,   920.9,   961.0, 
arr[   6,    3]
  839.4,   853.8,   829.1,   824.3,   733.9, 
  858.7,   887.9,   731.7,   881.7,   833.5, 
  735.4,   821.6,   626.4,   700.3,   649.6, 
  897.8,   925.8,   893.3,   952.9,   885.5, 
  928.7,   951.0,   796.5,   901.3,   858.4, 
arr[   6,    4]
  647.1,   708.0,    1016,   787.0,   788.6, 
  680.2,   838.9,    1036,   812.3,   879.5, 
  541.2,   499.2,   741.3,   620.0,   724.4, 
  681.1,   817.8,    1065,   908.9,   909.4, 
  705.1,   691.0,    1041,   943.6,    1030, 
arr[   6,    5]
  709.6,   829.4,   783.5,   781.6,   796.9, 
  759.1,   952.4,   809.3,   771.2,   915.6, 
  651.4,   827.7,   714.8,   689.5,   628.9, 
  855.2,   980.4,   845.6,   823.3,   927.8, 
  706.3,    1053,   875.3,   840.0,    1078, 
arr[   6,    6]
  757.1,   830.7,   880.0,   949.9,   700.6, 
  655.0,   802.4,   944.3,   940.1,   716.9, 
  630.2,   677.8,   728.2,   747.2,   609.2, 
  897.8,   893.2,   943.4,   997.3,   732.5, 
  689.3,   812.8,    1005,    1117,   680.2, 

SEQUENTIAL EXECUTION TIME: 2336721
PARALLEL EXECUTION TIME: 165973
SPEEDUP:   14.08
NUMBER OF PROCESSORS USED: 49
